      Chongqing	          China	2023	  7.0	2024	  7.3	2025	  7.6	2026	  8.0	2027	  8.3	
       Shanghai	          China	2023	 21.0	2024	 22.0	2025	 22.9	2026	 23.9	2027	 24.8	
          Delhi	          India	2023	  4.0	2024	  4.0	2025	  4.1	2026	  4.1	2027	  4.2	
        Beijing	          China	2023	 20.0	2024	 20.5	2025	 20.9	2026	 21.4	2027	 21.9	
         Mumbai	          India	2023	  6.0	2024	  5.8	2025	  5.7	2026	  5.5	2027	  5.3	
          Lagos	        Nigeria	2023	  4.0	2024	  3.0	2025	  2.0	2026	  1.0	2027	  0.0	
        Karachi	       Pakistan	2023	 10.0	2024	  9.2	2025	  8.4	2026	  7.6	2027	  6.8	
      Guangzhou	          China	2023	 21.0	2024	 20.9	2025	 20.8	2026	 20.6	2027	 20.5	
       Istanbul	         Turkey	2023	 16.0	2024	 16.1	2025	 16.1	2026	 16.2	2027	 16.3	
          Tokyo	          Japan	2023	 12.0	2024	 11.6	2025	 11.2	2026	 10.8	2027	 10.5	
        Tianjin	          China	2023	  9.0	2024	  8.8	2025	  8.5	2026	  8.3	2027	  8.0	
         Moscow	         Russia	2023	 28.0	2024	 27.8	2025	 27.6	2026	 27.4	2027	 27.3	
          Dhaka	     Bangladesh	2023	 23.0	2024	 22.9	2025	 22.7	2026	 22.6	2027	 22.4	
      São Paulo	         Brazil	2023	  5.0	2024	  4.3	2025	  3.7	2026	  3.0	2027	  2.4	
         Lahore	       Pakistan	2023	  8.0	2024	  8.1	2025	  8.2	2026	  8.2	2027	  8.3	
          Cairo	          Egypt	2023	 27.0	2024	 27.0	2025	 27.1	2026	 27.1	2027	 27.2	
          Seoul	   Korea, South	2023	 26.0	2024	 26.4	2025	 26.9	2026	 27.3	2027	 27.7	
       Kinshasa	       DR Congo	2023	 21.0	2024	 21.5	2025	 22.1	2026	 22.6	2027	 23.2	
        Jakarta	      Indonesia	2023	 29.0	2024	 29.2	2025	 29.4	2026	 29.6	2027	 29.8	
        Wenzhou	          China	2023	 29.0	2024	 28.9	2025	 28.7	2026	 28.6	2027	 28.5	
    Mexico City	         Mexico	2023	 23.0	2024	 22.4	2025	 21.8	2026	 21.2	2027	 20.7	
           Lima	           Peru	2023	 24.0	2024	 23.8	2025	 23.6	2026	 23.4	2027	 23.1	
         London	 United Kingdom	2023	 25.0	2024	 25.6	2025	 26.2	2026	 26.8	2027	 27.4	
          Xi'an	          China	2023	  8.0	2024	  7.7	2025	  7.3	2026	  7.0	2027	  6.7	
      Hyderabad	          India	2023	 11.0	2024	 11.0	2025	 11.0	2026	 11.1	2027	 11.1	
        Chennai	          India	2023	 26.0	2024	 25.1	2025	 24.3	2026	 23.4	2027	 22.5	
  New York City	  United States	2023	 23.0	2024	 23.2	2025	 23.3	2026	 23.5	2027	 23.6	
      Bengaluru	          India	2023	  5.0	2024	  5.9	2025	  6.7	2026	  7.6	2027	  8.5	
       Shenzhen	          China	2023	 20.0	2024	 19.4	2025	 18.7	2026	 18.1	2027	 17.4	
        Bangkok	       Thailand	2023	 26.0	2024	 25.7	2025	 25.4	2026	 25.1	2027	 24.8	
         Suzhou	          China	2023	 13.0	2024	 12.3	2025	 11.5	2026	 10.8	2027	 10.1	
        Nanjing	          China	2023	 17.0	2024	 16.9	2025	 16.7	2026	 16.6	2027	 16.5	
       Dongguan	          China	2023	 29.0	2024	 28.8	2025	 28.7	2026	 28.5	2027	 28.3	
         Tehran	           Iran	2023	  9.0	2024	  9.1	2025	  9.2	2026	  9.3	2027	  9.5	
       Quanzhou	          China	2023	 28.0	2024	 27.9	2025	 27.8	2026	 27.8	2027	 27.7	
       Shenyang	          China	2023	 25.0	2024	 24.4	2025	 23.8	2026	 23.2	2027	 22.6	
         Bogotá	       Colombia	2023	  4.0	2024	  4.2	2025	  4.4	2026	  4.5	2027	  4.7	
Ho Chi Minh City	        Vietnam	2023	 10.0	2024	  9.8	2025	  9.7	2026	  9.5	2027	  9.4	
      Hong Kong	          China	2023	 30.0	2024	 29.9	2025	 29.8	2026	 29.7	2027	 29.6	
        Baghdad	           Iraq	2023	 18.0	2024	 17.8	2025	 17.5	2026	 17.3	2027	 17.0	
         Fuzhou	          China	2023	  4.0	2024	  4.8	2025	  5.7	2026	  6.5	2027	  7.4	
       Changsha	          China	2023	 30.0	2024	 30.0	2025	 29.9	2026	 29.9	2027	 29.8	
          Wuhan	          China	2023	 24.0	2024	 24.8	2025	 25.6	2026	 26.5	2027	 27.3	
          Hanoi	        Vietnam	2023	 30.0	2024	 29.7	2025	 29.4	2026	 29.1	2027	 28.8	
 Rio de Janeiro	         Brazil	2023	 13.0	2024	 13.3	2025	 13.5	2026	 13.8	2027	 14.0	
        Qingdao	          China	2023	 16.0	2024	 15.8	2025	 15.6	2026	 15.4	2027	 15.2	
         Foshan	          China	2023	  8.0	2024	  7.0	2025	  6.1	2026	  5.1	2027	  4.1	
          Zunyi	          China	2023	 20.0	2024	 19.5	2025	 19.0	2026	 18.6	2027	 18.1	
       Santiago	          Chile	2023	 15.0	2024	 14.2	2025	 13.4	2026	 12.7	2027	 11.9	
         Riyadh	   Saudi Arabia	2023	 20.0	2024	 19.8	2025	 19.6	2026	 19.4	2027	 19.2	
      Ahmedabad	          India	2023	 13.0	2024	 13.7	2025	 14.3	2026	 15.0	2027	 15.6	
      Singapore	      Singapore	2023	 16.0	2024	 16.3	2025	 16.5	2026	 16.8	2027	 17.0	
        Shantou	          China	2023	 21.0	2024	 21.3	2025	 21.6	2026	 21.8	2027	 22.1	
         Ankara	         Turkey	2023	  8.0	2024	  7.7	2025	  7.4	2026	  7.1	2027	  6.7	
         Yangon	        Myanmar	2023	 11.0	2024	 12.0	2025	 13.0	2026	 14.0	2027	 14.9	
Saint Petersburg	         Russia	2023	 30.0	2024	 29.6	2025	 29.1	2026	 28.7	2027	 28.2	
     Casablanca	        Morocco	2023	 17.0	2024	 16.6	2025	 16.2	2026	 15.8	2027	 15.5	
        Abidjan	    Ivory Coast	2023	 29.0	2024	 29.0	2025	 28.9	2026	 28.9	2027	 28.8	
        Chengdu	          China	2023	 17.0	2024	 16.6	2025	 16.2	2026	 15.8	2027	 15.4	
      Melbourne	      Australia	2023	 15.0	2024	 15.3	2025	 15.6	2026	 15.9	2027	 16.2	
     Alexandria	          Egypt	2023	  4.0	2024	  4.1	2025	  4.2	2026	  4.2	2027	  4.3	
        Kolkata	          India	2023	  7.0	2024	  7.2	2025	  7.5	2026	  7.7	2027	  8.0	
          Surat	          India	2023	 26.0	2024	 25.0	2025	 24.1	2026	 23.1	2027	 22.2	
   Johannesburg	   South Africa	2023	 30.0	2024	 29.8	2025	 29.6	2026	 29.4	2027	 29.3	
  Dar es Salaam	       Tanzania	2023	 21.0	2024	 22.0	2025	 23.0	2026	 24.0	2027	 24.9	
   Shijiazhuang	          China	2023	 28.0	2024	 28.9	2025	 29.9	2026	 30.8	2027	 31.8	
         Harbin	          China	2023	 10.0	2024	 10.3	2025	 10.5	2026	 10.8	2027	 11.0	
           Giza	          Egypt	2023	  5.0	2024	  5.0	2025	  5.0	2026	  5.0	2027	  5.1	
          İzmir	         Turkey	2023	  5.0	2024	  4.1	2025	  3.2	2026	  2.3	2027	  1.4	
      Zhengzhou	          China	2023	 27.0	2024	 27.7	2025	 28.4	2026	 29.1	2027	 29.8	
New Taipei City	         Taiwan	2023	 21.0	2024	 20.2	2025	 19.4	2026	 18.6	2027	 17.8	
    Los Angeles	  United States	2023	 14.0	2024	 14.2	2025	 14.4	2026	 14.5	2027	 14.7	
      Changchun	          China	2023	  6.0	2024	  6.0	2025	  5.9	2026	  5.9	2027	  5.9	
      Cape Town	   South Africa	2023	 13.0	2024	 12.5	2025	 12.0	2026	 11.5	2027	 11.0	
       Yokohama	          Japan	2023	 11.0	2024	 11.2	2025	 11.4	2026	 11.6	2027	 11.8	
       Khartoum	          Sudan	2023	  7.0	2024	  7.7	2025	  8.3	2026	  9.0	2027	  9.7	
      Guayaquil	        Ecuador	2023	 12.0	2024	 12.8	2025	 13.6	2026	 14.4	2027	 15.2	
       Hangzhou	          China	2023	 11.0	2024	 10.3	2025	  9.6	2026	  9.0	2027	  8.3	
         Xiamen	          China	2023	 28.0	2024	 28.1	2025	 28.2	2026	 28.3	2027	 28.4	
         Berlin	        Germany	2023	 19.0	2024	 18.5	2025	 18.0	2026	 17.6	2027	 17.1	
          Busan	   Korea, South	2023	 22.0	2024	 22.2	2025	 22.4	2026	 22.6	2027	 22.8	
         Ningbo	          China	2023	 24.0	2024	 24.5	2025	 25.0	2026	 25.5	2027	 26.1	
         Jeddah	   Saudi Arabia	2023	 21.0	2024	 22.0	2025	 22.9	2026	 23.9	2027	 24.8	
         Durban	   South Africa	2023	  4.0	2024	  3.7	2025	  3.5	2026	  3.2	2027	  3.0	
        Algiers	        Algeria	2023	 23.0	2024	 23.4	2025	 23.8	2026	 24.2	2027	 24.6	
          Kabul	    Afghanistan	2023	 20.0	2024	 19.8	2025	 19.6	2026	 19.4	2027	 19.3	
          Hefei	          China	2023	 19.0	2024	 19.7	2025	 20.4	2026	 21.2	2027	 21.9	
        Mashhad	           Iran	2023	 18.0	2024	 18.4	2025	 18.9	2026	 19.3	2027	 19.7	
      Pyongyang	   Korea, North	2023	 17.0	2024	 17.9	2025	 18.7	2026	 19.6	2027	 20.5	
         Madrid	          Spain	2023	 27.0	2024	 28.0	2025	 29.0	2026	 30.0	2027	 31.0	
     Faisalabad	       Pakistan	2023	 17.0	2024	 16.1	2025	 15.2	2026	 14.3	2027	 13.4	
           Baku	     Azerbaijan	2023	 20.0	2024	 20.5	2025	 21.0	2026	 21.4	2027	 21.9	
       Tangshan	          China	2023	  4.0	2024	  4.9	2025	  5.9	2026	  6.8	2027	  7.7	
     Ekurhuleni	   South Africa	2023	 14.0	2024	 13.9	2025	 13.8	2026	 13.6	2027	 13.5	
        Nairobi	          Kenya	2023	  9.0	2024	  9.3	2025	  9.7	2026	 10.0	2027	 10.4	
      Zhongshan	          China	2023	  9.0	2024	  9.4	2025	  9.8	2026	 10.2	2027	 10.6	
           Pune	          India	2023	 26.0	2024	 25.0	2025	 24.1	2026	 23.1	2027	 22.1	
    Addis Ababa	       Ethiopia	2023	  4.0	2024	  4.5	2025	  5.0	2026	  5.5	2027	  6.0	
         Jaipur	          India	2023	 18.0	2024	 18.9	2025	 19.7	2026	 20.6	2027	 21.5	
   Buenos Aires	      Argentina	2023	 24.0	2024	 24.4	2025	 24.8	2026	 25.1	2027	 25.5	
        Incheon	   Korea, South	2023	 27.0	2024	 27.9	2025	 28.7	2026	 29.6	2027	 30.5	
    Quezon City	    Philippines	2023	 16.0	2024	 16.2	2025	 16.4	2026	 16.7	2027	 16.9	
           Kiev	        Ukraine	2023	 17.0	2024	 17.4	2025	 17.7	2026	 18.1	2027	 18.4	
       Salvador	         Brazil	2023	 17.0	2024	 17.5	2025	 18.0	2026	 18.5	2027	 19.1	
           Rome	          Italy	2023	 11.0	2024	 10.2	2025	  9.4	2026	  8.5	2027	  7.7	
          Dubai	United Arab Emirates	2023	  5.0	2024	  5.4	2025	  5.8	2026	  6.3	2027	  6.7	
         Luanda	         Angola	2023	 13.0	2024	 13.0	2025	 13.0	2026	 12.9	2027	 12.9	
        Lucknow	          India	2023	 20.0	2024	 20.9	2025	 21.8	2026	 22.7	2027	 23.6	
      Kaohsiung	         Taiwan	2023	 22.0	2024	 22.4	2025	 22.9	2026	 23.3	2027	 23.8	
         Kanpur	          India	2023	 18.0	2024	 18.7	2025	 19.4	2026	 20.2	2027	 20.9	
       Surabaya	      Indonesia	2023	 20.0	2024	 19.1	2025	 18.2	2026	 17.3	2027	 16.4	
       Taichung	         Taiwan	2023	 17.0	2024	 17.4	2025	 17.9	2026	 18.3	2027	 18.8	
          Basra	           Iraq	2023	 15.0	2024	 15.3	2025	 15.5	2026	 15.8	2027	 16.0	
        Toronto	         Canada	2023	 11.0	2024	 10.6	2025	 10.2	2026	  9.9	2027	  9.5	
         Taipei	         Taiwan	2023	 11.0	2024	 10.7	2025	 10.5	2026	 10.2	2027	  9.9	
        Chicago	  United States	2023	  8.0	2024	  7.4	2025	  6.8	2026	  6.2	2027	  5.6	
          Osaka	          Japan	2023	 11.0	2024	 10.2	2025	  9.4	2026	  8.6	2027	  7.8	
          Quito	        Ecuador	2023	 12.0	2024	 12.4	2025	 12.9	2026	 13.3	2027	 13.8	
       Chaozhou	          China	2023	  8.0	2024	  8.8	2025	  9.7	2026	 10.5	2027	 11.3	
      Fortaleza	         Brazil	2023	 15.0	2024	 15.9	2025	 16.8	2026	 17.7	2027	 18.7	
     Chittagong	     Bangladesh	2023	 13.0	2024	 13.4	2025	 13.7	2026	 14.1	2027	 14.5	
        Bandung	      Indonesia	2023	  5.0	2024	  4.1	2025	  3.2	2026	  2.2	2027	  1.3	
        Managua	      Nicaragua	2023	 11.0	2024	 11.2	2025	 11.3	2026	 11.5	2027	 11.7	
       Brasília	         Brazil	2023	 16.0	2024	 16.4	2025	 16.7	2026	 17.1	2027	 17.5	
 Belo Horizonte	         Brazil	2023	  9.0	2024	  9.0	2025	  9.0	2026	  9.0	2027	  9.0	
          Daegu	   Korea, South	2023	 12.0	2024	 12.9	2025	 13.8	2026	 14.6	2027	 15.5	
        Houston	  United States	2023	  6.0	2024	  6.8	2025	  7.6	2026	  8.4	2027	  9.2	
         Douala	       Cameroon	2023	 19.0	2024	 19.2	2025	 19.5	2026	 19.7	2027	 20.0	
       Medellin	       Colombia	2023	 15.0	2024	 15.8	2025	 16.6	2026	 17.4	2027	 18.2	
        Yaoundé	       Cameroon	2023	 22.0	2024	 22.2	2025	 22.4	2026	 22.6	2027	 22.8	
         Nagpur	          India	2023	 29.0	2024	 29.1	2025	 29.3	2026	 29.4	2027	 29.6	
           Cali	       Colombia	2023	 23.0	2024	 22.7	2025	 22.4	2026	 22.0	2027	 21.7	
       Tashkent	     Uzbekistan	2023	 28.0	2024	 27.9	2025	 27.9	2026	 27.8	2027	 27.7	
         Nagoya	          Japan	2023	  6.0	2024	  6.6	2025	  7.3	2026	  7.9	2027	  8.5	
        Isfahan	           Iran	2023	 14.0	2024	 14.4	2025	 14.8	2026	 15.1	2027	 15.5	
     Phnom Penh	       Cambodia	2023	  5.0	2024	  4.6	2025	  4.2	2026	  3.8	2027	  3.4	
          Paris	         France	2023	 15.0	2024	 14.2	2025	 13.3	2026	 12.5	2027	 11.6	
    Ouagadougou	   Burkina Faso	2023	 10.0	2024	  9.8	2025	  9.7	2026	  9.5	2027	  9.4	
        Lanzhou	          China	2023	 17.0	2024	 17.4	2025	 17.9	2026	 18.3	2027	 18.8	
           Kano	        Nigeria	2023	 20.0	2024	 19.8	2025	 19.7	2026	 19.5	2027	 19.3	
         Dalian	          China	2023	 30.0	2024	 30.5	2025	 31.1	2026	 31.6	2027	 32.1	
 Guatemala City	      Guatemala	2023	 11.0	2024	 10.4	2025	  9.8	2026	  9.1	2027	  8.5	
         Havana	           Cuba	2023	  5.0	2024	  5.3	2025	  5.5	2026	  5.8	2027	  6.1	
     Rawalpindi	       Pakistan	2023	 22.0	2024	 22.4	2025	 22.8	2026	 23.2	2027	 23.6	
          Medan	      Indonesia	2023	 14.0	2024	 14.7	2025	 15.4	2026	 16.2	2027	 16.9	
          Accra	          Ghana	2023	 24.0	2024	 23.9	2025	 23.9	2026	 23.8	2027	 23.7	
  Visakhapatnam	          India	2023	 12.0	2024	 12.1	2025	 12.3	2026	 12.4	2027	 12.5	
     Gujranwala	       Pakistan	2023	 14.0	2024	 13.4	2025	 12.8	2026	 12.1	2027	 11.5	
          Jinan	          China	2023	 23.0	2024	 23.8	2025	 24.5	2026	 25.3	2027	 26.0	
          Karaj	           Iran	2023	 16.0	2024	 16.8	2025	 17.5	2026	 18.3	2027	 19.0	
       Peshawar	       Pakistan	2023	 24.0	2024	 24.9	2025	 25.8	2026	 26.8	2027	 27.7	
          Minsk	        Belarus	2023	 17.0	2024	 18.0	2025	 18.9	2026	 19.9	2027	 20.8	
        Caracas	      Venezuela	2023	  8.0	2024	  7.7	2025	  7.3	2026	  7.0	2027	  6.6	
         Sana'a	          Yemen	2023	  8.0	2024	  9.0	2025	  9.9	2026	 10.9	2027	 11.9	
        Sapporo	          Japan	2023	  7.0	2024	  7.8	2025	  8.6	2026	  9.4	2027	 10.1	
         Tainan	         Taiwan	2023	 23.0	2024	 23.7	2025	 24.5	2026	 25.2	2027	 25.9	
      Bucharest	        Romania	2023	 13.0	2024	 12.9	2025	 12.9	2026	 12.8	2027	 12.7	
       Curitiba	         Brazil	2023	 26.0	2024	 25.2	2025	 24.5	2026	 23.7	2027	 23.0	
         Shiraz	           Iran	2023	 20.0	2024	 19.5	2025	 19.0	2026	 18.5	2027	 18.0	
         Vienna	        Austria	2023	  5.0	2024	  5.2	2025	  5.4	2026	  5.6	2027	  5.9	
    Brazzaville	 Congo Republic	2023	 30.0	2024	 30.0	2025	 30.1	2026	 30.1	2027	 30.2	
         Bhopal	          India	2023	 19.0	2024	 18.1	2025	 17.1	2026	 16.2	2027	 15.3	
         Almaty	     Kazakhstan	2023	 12.0	2024	 12.4	2025	 12.9	2026	 13.3	2027	 13.8	
        Hamburg	        Germany	2023	  5.0	2024	  5.9	2025	  6.8	2026	  7.6	2027	  8.5	
         Manila	    Philippines	2023	  6.0	2024	  6.1	2025	  6.2	2026	  6.3	2027	  6.4	
   Kuala Lumpur	       Malaysia	2023	 14.0	2024	 15.0	2025	 15.9	2026	 16.9	2027	 17.9	
         Maputo	     Mozambique	2023	 19.0	2024	 19.6	2025	 20.2	2026	 20.8	2027	 21.4	
       Budapest	        Hungary	2023	  6.0	2024	  5.7	2025	  5.4	2026	  5.1	2027	  4.8	
         Warsaw	         Poland	2023	 13.0	2024	 12.9	2025	 12.8	2026	 12.6	2027	 12.5	
         Lusaka	         Zambia	2023	 13.0	2024	 13.1	2025	 13.3	2026	 13.4	2027	 13.6	
      Kathmandu	          Nepal	2023	  9.0	2024	  8.0	2025	  7.0	2026	  6.0	2027	  5.1	
         Tabriz	           Iran	2023	 15.0	2024	 14.7	2025	 14.4	2026	 14.1	2027	 13.8	
      Hyderabad	       Pakistan	2023	 10.0	2024	 10.3	2025	 10.5	2026	 10.8	2027	 11.1	
      Palembang	      Indonesia	2023	 29.0	2024	 29.4	2025	 29.9	2026	 30.3	2027	 30.7	
        Tijuana	         Mexico	2023	 13.0	2024	 12.0	2025	 11.0	2026	 10.0	2027	  9.1	
          Patna	          India	2023	 26.0	2024	 25.4	2025	 24.8	2026	 24.2	2027	 23.6	
       Montreal	         Canada	2023	 22.0	2024	 22.7	2025	 23.3	2026	 24.0	2027	 24.6	
     Davao City	    Philippines	2023	 23.0	2024	 23.1	2025	 23.3	2026	 23.4	2027	 23.5	
         Harare	       Zimbabwe	2023	  8.0	2024	  7.2	2025	  6.4	2026	  5.7	2027	  4.9	
      Barcelona	          Spain	2023	 13.0	2024	 13.2	2025	 13.3	2026	 13.5	2027	 13.6	
      Maracaibo	      Venezuela	2023	 17.0	2024	 17.0	2025	 17.0	2026	 16.9	2027	 16.9	
       Caloocan	    Philippines	2023	 15.0	2024	 14.6	2025	 14.2	2026	 13.9	2027	 13.5	
   Philadelphia	  United States	2023	 26.0	2024	 25.5	2025	 25.0	2026	 24.6	2027	 24.1	
    Novosibirsk	         Russia	2023	 16.0	2024	 15.2	2025	 14.3	2026	 13.5	2027	 12.6	
        Phoenix	  United States	2023	  7.0	2024	  7.0	2025	  6.9	2026	  6.9	2027	  6.8	
       Bulawayo	       Zimbabwe	2023	 22.0	2024	 22.9	2025	 23.8	2026	 24.6	2027	 25.5	
           Oran	        Algeria	2023	 24.0	2024	 23.1	2025	 22.1	2026	 21.2	2027	 20.2	
       Semarang	      Indonesia	2023	 30.0	2024	 30.2	2025	 30.3	2026	 30.5	2027	 30.6	
         Recife	         Brazil	2023	 26.0	2024	 26.2	2025	 26.3	2026	 26.5	2027	 26.7	
           Kobe	          Japan	2023	  7.0	2024	  6.8	2025	  6.6	2026	  6.5	2027	  6.3	
        Daejeon	   Korea, South	2023	 16.0	2024	 15.8	2025	 15.5	2026	 15.3	2027	 15.1	
        Kampala	         Uganda	2023	 22.0	2024	 21.8	2025	 21.7	2026	 21.5	2027	 21.4	
       Kawasaki	          Japan	2023	  7.0	2024	  7.9	2025	  8.9	2026	  9.8	2027	 10.7	
    Guadalajara	         Mexico	2023	 14.0	2024	 14.3	2025	 14.6	2026	 14.9	2027	 15.1	
       Auckland	    New Zealand	2023	  6.0	2024	  6.8	2025	  7.7	2026	  8.5	2027	  9.4	
     Vijayawada	          India	2023	 28.0	2024	 27.7	2025	 27.3	2026	 27.0	2027	 26.6	
        Fukuoka	          Japan	2023	 30.0	2024	 29.4	2025	 28.8	2026	 28.1	2027	 27.5	
        Kwangju	   Korea, South	2023	 14.0	2024	 13.9	2025	 13.8	2026	 13.8	2027	 13.7	
   Porto Alegre	         Brazil	2023	 23.0	2024	 22.7	2025	 22.4	2026	 22.1	2027	 21.8	
          Kyoto	          Japan	2023	 19.0	2024	 19.4	2025	 19.7	2026	 20.1	2027	 20.4	
    San Antonio	  United States	2023	  9.0	2024	 10.0	2025	 10.9	2026	 11.9	2027	 12.8	
Santa Cruz de la Sierra	        Bolivia	2023	  5.0	2024	  4.6	2025	  4.3	2026	  3.9	2027	  3.5	
         Munich	        Germany	2023	 16.0	2024	 16.6	2025	 17.1	2026	 17.7	2027	 18.2	
        Kharkiv	        Ukraine	2023	 28.0	2024	 27.9	2025	 27.8	2026	 27.7	2027	 27.6	
  Yekaterinburg	         Russia	2023	 14.0	2024	 13.1	2025	 12.3	2026	 11.4	2027	 10.5	
      San Diego	  United States	2023	 11.0	2024	 11.0	2025	 11.0	2026	 10.9	2027	 10.9	
   Barranquilla	       Colombia	2023	 30.0	2024	 29.1	2025	 28.2	2026	 27.3	2027	 26.4	
          Milan	          Italy	2023	 20.0	2024	 19.2	2025	 18.5	2026	 17.7	2027	 16.9	
         Ibadan	        Nigeria	2023	 10.0	2024	  9.3	2025	  8.7	2026	  8.0	2027	  7.3	
       Makassar	      Indonesia	2023	 30.0	2024	 29.8	2025	 29.7	2026	 29.5	2027	 29.3	
        Córdoba	      Argentina	2023	  8.0	2024	  8.0	2025	  8.0	2026	  8.0	2027	  8.0	
         Prague	 Czech Republic	2023	 20.0	2024	 19.3	2025	 18.7	2026	 18.0	2027	 17.3	
       Mandalay	        Myanmar	2023	 30.0	2024	 30.6	2025	 31.3	2026	 31.9	2027	 32.5	
         Dallas	  United States	2023	 18.0	2024	 17.8	2025	 17.5	2026	 17.3	2027	 17.0	
     Montevideo	        Uruguay	2023	 19.0	2024	 18.9	2025	 18.7	2026	 18.6	2027	 18.4	
Nizhny Novgorod	         Russia	2023	 15.0	2024	 16.0	2025	 16.9	2026	 17.9	2027	 18.8	
          Abuja	        Nigeria	2023	 24.0	2024	 23.7	2025	 23.4	2026	 23.1	2027	 22.8	
        Calgary	         Canada	2023	 10.0	2024	 10.6	2025	 11.2	2026	 11.8	2027	 12.4	
        Saitama	          Japan	2023	  4.0	2024	  3.2	2025	  2.5	2026	  1.7	2027	  0.9	
          Suwon	    South Korea	2023	 28.0	2024	 28.6	2025	 29.3	2026	 29.9	2027	 30.5	
      Hiroshima	          Japan	2023	  6.0	2024	  7.0	2025	  8.0	2026	  9.0	2027	 10.0	
        Rosario	      Argentina	2023	 27.0	2024	 26.9	2025	 26.9	2026	 26.8	2027	 26.7	
       Brisbane	      Australia	2023	 17.0	2024	 16.1	2025	 15.2	2026	 14.3	2027	 13.4	
       Belgrade	         Serbia	2023	 25.0	2024	 24.2	2025	 23.3	2026	 22.5	2027	 21.7	
       Campinas	         Brazil	2023	  9.0	2024	  9.4	2025	  9.7	2026	 10.1	2027	 10.5	
          Ulsan	   Korea, South	2023	  5.0	2024	  5.9	2025	  6.9	2026	  7.8	2027	  8.7	
           Omsk	         Russia	2023	 19.0	2024	 19.5	2025	 20.0	2026	 20.4	2027	 20.9	
          Dakar	        Senegal	2023	  4.0	2024	  3.5	2025	  3.0	2026	  2.6	2027	  2.1	
      Abu Dhabi	United Arab Emirates	2023	 11.0	2024	 10.2	2025	  9.4	2026	  8.6	2027	  7.8	
      Monterrey	         Mexico	2023	 22.0	2024	 21.7	2025	 21.4	2026	 21.1	2027	 20.8	
        Tripoli	          Libya	2023	 23.0	2024	 23.6	2025	 24.2	2026	 24.7	2027	 25.3	
  Rostov-on-Don	         Russia	2023	  6.0	2024	  5.0	2025	  4.1	2026	  3.1	2027	  2.2	
       T'bilisi	        Georgia	2023	 28.0	2024	 28.4	2025	 28.8	2026	 29.2	2027	 29.6	
            Fez	        Morocco	2023	  7.0	2024	  7.7	2025	  8.4	2026	  9.1	2027	  9.8	
     Birmingham	 United Kingdom	2023	 22.0	2024	 22.3	2025	 22.7	2026	 23.0	2027	 23.4	
        Yerevan	        Armenia	2023	 21.0	2024	 21.7	2025	 22.4	2026	 23.1	2027	 23.8	
        Cologne	        Germany	2023	  6.0	2024	  5.3	2025	  4.6	2026	  3.8	2027	  3.1	
          Tunis	        Tunisia	2023	 10.0	2024	  9.1	2025	  8.3	2026	  7.4	2027	  6.6	
         Astana	     Kazakhstan	2023	 13.0	2024	 13.2	2025	 13.5	2026	 13.7	2027	 13.9	
      Islamabad	       Pakistan	2023	  8.0	2024	  7.9	2025	  7.8	2026	  7.6	2027	  7.5	
